[
  {
    "id": 22,
    "size": 0.1651,
    "family": "tag36h11",
    "tagToWorld": [
      [
        0.5000000000000001,
        0.8660254037844386,
        -0.0,
        4.904739999999999
      ],
      [
        -0.8660254037844386,
        0.5000000000000001,
        0.0,
        3.3063179999999996
      ],
      [
        0.0,
        0.0,
        1.0,
        0.308102
      ],
      [
        0.0,
        0.0,
        0.0,
        1.0
      ]
    ]
  },
  {
    "id": 21,
    "size": 0.1651,
    "family": "tag36h11",
    "tagToWorld": [
      [
        1.0,
        0.0,
        0.0,
        5.321046
      ],
      [
        0.0,
        1.0,
        0.0,
        4.0259
      ],
      [
        0.0,
        0.0,
        1.0,
        0.308102
      ],
      [
        0.0,
        0.0,
        0.0,
        1.0
      ]
    ]
  },
  {
    "id": 20,
    "size": 0.1651,
    "family": "tag36h11",
    "tagToWorld": [
      [
        0.5000000000000001,
        -0.8660254037844386,
        0.0,
        4.904739999999999
      ],
      [
        0.8660254037844386,
        0.5000000000000001,
        0.0,
        4.745482
      ],
      [
        0.0,
        0.0,
        1.0,
        0.308102
      ],
      [
        0.0,
        0.0,
        0.0,
        1.0
      ]
    ]
  },
  {
    "id": 19,
    "size": 0.1651,
    "family": "tag36h11",
    "tagToWorld": [
      [
        -0.4999999999999998,
        -0.8660254037844388,
        0.0,
        4.073905999999999
      ],
      [
        0.8660254037844388,
        -0.4999999999999998,
        0.0,
        4.745482
      ],
      [
        0.0,
        0.0,
        1.0,
        0.308102
      ],
      [
        0.0,
        0.0,
        0.0,
        1.0
      ]
    ]
  },
  {
    "id": 18,
    "size": 0.1651,
    "family": "tag36h11",
    "tagToWorld": [
      [
        -1.0,
        -1.2246467991473532e-16,
        0.0,
        3.6576
      ],
      [
        1.2246467991473532e-16,
        -1.0,
        0.0,
        4.0259
      ],
      [
        0.0,
        0.0,
        1.0,
        0.308102
      ],
      [
        0.0,
        0.0,
        0.0,
        1.0
      ]
    ]
  },
  {
    "id": 17,
    "size": 0.1651,
    "family": "tag36h11",
    "tagToWorld": [
      [
        -0.5000000000000007,
        0.8660254037844385,
        -0.0,
        4.073905999999999
      ],
      [
        -0.8660254037844385,
        -0.5000000000000007,
        0.0,
        3.3063179999999996
      ],
      [
        0.0,
        0.0,
        1.0,
        0.308102
      ],
      [
        0.0,
        0.0,
        0.0,
        1.0
      ]
    ]
  },
  {
    "id": 16,
    "size": 0.1651,
    "family": "tag36h11",
    "tagToWorld": [
      [
        -2.220446049250313e-16,
        -1.0000000000000002,
        0.0,
        5.9875419999999995
      ],
      [
        1.0000000000000002,
        -2.220446049250313e-16,
        0.0,
        -0.0038099999999999996
      ],
      [
        0.0,
        0.0,
        1.0,
        1.30175
      ],
      [
        0.0,
        0.0,
        0.0,
        1.0
      ]
    ]
  },
  {
    "id": 15,
    "size": 0.1651,
    "family": "tag36h11",
    "tagToWorld": [
      [
        -0.8660254037844388,
        -1.2246467991473532e-16,
        -0.49999999999999994,
        8.272272
      ],
      [
        1.0605752387249069e-16,
        -1.0,
        6.123233995736766e-17,
        1.914906
      ],
      [
        -0.49999999999999994,
        0.0,
        0.8660254037844387,
        1.8679160000000001
      ],
      [
        0.0,
        0.0,
        0.0,
        1.0
      ]
    ]
  },
  {
    "id": 14,
    "size": 0.1651,
    "family": "tag36h11",
    "tagToWorld": [
      [
        -0.8660254037844388,
        -1.2246467991473532e-16,
        -0.49999999999999994,
        8.272272
      ],
      [
        1.0605752387249069e-16,
        -1.0,
        6.123233995736766e-17,
        6.137656
      ],
      [
        -0.49999999999999994,
        0.0,
        0.8660254037844387,
        1.8679160000000001
      ],
      [
        0.0,
        0.0,
        0.0,
        1.0
      ]
    ]
  },
  {
    "id": 1,
    "size": 0.1651,
    "family": "tag36h11",
    "tagToWorld": [
      [
        -0.5877852522924734,
        -0.8090169943749476,
        0.0,
        16.697198
      ],
      [
        0.8090169943749476,
        -0.5877852522924734,
        0.0,
        0.65532
      ],
      [
        0.0,
        0.0,
        1.0,
        1.4859
      ],
      [
        0.0,
        0.0,
        0.0,
        1.0
      ]
    ]
  },
  {
    "id": 2,
    "size": 0.1651,
    "family": "tag36h11",
    "tagToWorld": [
      [
        -0.5877852522924734,
        0.8090169943749473,
        -0.0,
        16.697198
      ],
      [
        -0.8090169943749473,
        -0.5877852522924734,
        0.0,
        7.3964799999999995
      ],
      [
        0.0,
        0.0,
        1.0,
        1.4859
      ],
      [
        0.0,
        0.0,
        0.0,
        1.0
      ]
    ]
  },
  {
    "id": 3,
    "size": 0.1651,
    "family": "tag36h11",
    "tagToWorld": [
      [
        -2.220446049250313e-16,
        1.0,
        -0.0,
        11.560809999999998
      ],
      [
        -1.0,
        -2.220446049250313e-16,
        0.0,
        8.05561
      ],
      [
        0.0,
        0.0,
        1.0,
        1.30175
      ],
      [
        0.0,
        0.0,
        0.0,
        1.0
      ]
    ]
  },
  {
    "id": 4,
    "size": 0.1651,
    "family": "tag36h11",
    "tagToWorld": [
      [
        0.8660254037844387,
        0.0,
        0.49999999999999994,
        9.276079999999999
      ],
      [
        0.0,
        1.0,
        0.0,
        6.137656
      ],
      [
        -0.49999999999999994,
        0.0,
        0.8660254037844387,
        1.8679160000000001
      ],
      [
        0.0,
        0.0,
        0.0,
        1.0
      ]
    ]
  },
  {
    "id": 5,
    "size": 0.1651,
    "family": "tag36h11",
    "tagToWorld": [
      [
        0.8660254037844387,
        0.0,
        0.49999999999999994,
        9.276079999999999
      ],
      [
        0.0,
        1.0,
        0.0,
        1.914906
      ],
      [
        -0.49999999999999994,
        0.0,
        0.8660254037844387,
        1.8679160000000001
      ],
      [
        0.0,
        0.0,
        0.0,
        1.0
      ]
    ]
  },
  {
    "id": 6,
    "size": 0.1651,
    "family": "tag36h11",
    "tagToWorld": [
      [
        0.5000000000000001,
        0.8660254037844386,
        -0.0,
        13.474446
      ],
      [
        -0.8660254037844386,
        0.5000000000000001,
        0.0,
        3.3063179999999996
      ],
      [
        0.0,
        0.0,
        1.0,
        0.308102
      ],
      [
        0.0,
        0.0,
        0.0,
        1.0
      ]
    ]
  },
  {
    "id": 7,
    "size": 0.1651,
    "family": "tag36h11",
    "tagToWorld": [
      [
        1.0,
        0.0,
        0.0,
        13.890498
      ],
      [
        0.0,
        1.0,
        0.0,
        4.0259
      ],
      [
        0.0,
        0.0,
        1.0,
        0.308102
      ],
      [
        0.0,
        0.0,
        0.0,
        1.0
      ]
    ]
  },
  {
    "id": 8,
    "size": 0.1651,
    "family": "tag36h11",
    "tagToWorld": [
      [
        0.5000000000000001,
        -0.8660254037844386,
        0.0,
        13.474446
      ],
      [
        0.8660254037844386,
        0.5000000000000001,
        0.0,
        4.745482
      ],
      [
        0.0,
        0.0,
        1.0,
        0.308102
      ],
      [
        0.0,
        0.0,
        0.0,
        1.0
      ]
    ]
  },
  {
    "id": 9,
    "size": 0.1651,
    "family": "tag36h11",
    "tagToWorld": [
      [
        -0.4999999999999998,
        -0.8660254037844388,
        0.0,
        12.643358
      ],
      [
        0.8660254037844388,
        -0.4999999999999998,
        0.0,
        4.745482
      ],
      [
        0.0,
        0.0,
        1.0,
        0.308102
      ],
      [
        0.0,
        0.0,
        0.0,
        1.0
      ]
    ]
  },
  {
    "id": 10,
    "size": 0.1651,
    "family": "tag36h11",
    "tagToWorld": [
      [
        -1.0,
        -1.2246467991473532e-16,
        0.0,
        12.227305999999999
      ],
      [
        1.2246467991473532e-16,
        -1.0,
        0.0,
        4.0259
      ],
      [
        0.0,
        0.0,
        1.0,
        0.308102
      ],
      [
        0.0,
        0.0,
        0.0,
        1.0
      ]
    ]
  },
  {
    "id": 11,
    "size": 0.1651,
    "family": "tag36h11",
    "tagToWorld": [
      [
        -0.5000000000000007,
        0.8660254037844385,
        -0.0,
        12.643358
      ],
      [
        -0.8660254037844385,
        -0.5000000000000007,
        0.0,
        3.3063179999999996
      ],
      [
        0.0,
        0.0,
        1.0,
        0.308102
      ],
      [
        0.0,
        0.0,
        0.0,
        1.0
      ]
    ]
  },
  {
    "id": 12,
    "size": 0.1651,
    "family": "tag36h11",
    "tagToWorld": [
      [
        0.5877852522924731,
        -0.8090169943749473,
        0.0,
        0.851154
      ],
      [
        0.8090169943749473,
        0.5877852522924731,
        0.0,
        0.65532
      ],
      [
        0.0,
        0.0,
        1.0,
        1.4859
      ],
      [
        0.0,
        0.0,
        0.0,
        1.0
      ]
    ]
  },
  {
    "id": 13,
    "size": 0.1651,
    "family": "tag36h11",
    "tagToWorld": [
      [
        0.587785252292473,
        0.8090169943749475,
        -0.0,
        0.851154
      ],
      [
        -0.8090169943749475,
        0.587785252292473,
        0.0,
        7.3964799999999995
      ],
      [
        0.0,
        0.0,
        1.0,
        1.4859
      ],
      [
        0.0,
        0.0,
        0.0,
        1.0
      ]
    ]
  }
]